-1.4411
1.3099
1.2525
-1.2754
-0.97886
-1.4137
1.1517
1.0952
-1.0974
-1.2887
1.0144
1.1911
-0.97344
-1.1044
1.1055
0.85644
-0.99224
-0.81333
0.86437
-0.94532
-0.9086
-0.6426
0.85357
0.79214
0.7996
-0.54197
-0.51739
0.52896
0.52992
0.44055
-0.428
-0.38135
-0.45694
-0.3593
0.38342
0.29402
0.43264
0.38787
0.22201
-0.33433
-0.16878
-0.27562
0.12035
-0.11769
0.4194
0.20647
0.13718
0.038551
0.091798
-0.24434
-0.16356
-0.098475
-0.1012
0.024088
0.28877
0.0054109
-0.37602
0.23373
-0.1274
0.31385
0.17315
-0.36351
-0.44693
0.56288
0.29897
0.51051
-0.092473
0.37547
-1.3331
-0.71826
-0.62146
-0.53432
0.61512
0.71228
0.72189
-0.74666
-0.6858
-0.62912
0.68348
0.89042
-0.99825
-0.91875
-0.92842
0.90699
0.86119
0.95398
-0.92768
-1.1054
-1.1662
1.0772
-1.1481
-1.0471
1.1919
-1.2201
1.3487
-1.3502
-1.2976
-1.3309
1.3043
-1.2939
