-1.6428
1.4284
1.2595
-1.9896
1.6876
1.2623
-1.3209
-1.207
-1.3592
-1.5754
1.1479
-1.9327
0.80053
1.2996
1.0541
-1.1852
-1.0643
-1.2028
-1.7568
-1.0394
0.89302
-0.72782
0.64739
1.1446
-1.0179
0.80685
-0.62146
0.61191
-0.66917
-0.94603
0.46112
0.62798
0.51733
-0.31642
-0.33424
0.67436
-1.2303
0.59535
-0.50854
0.44957
0.28774
-0.35571
-0.22454
-0.14843
0.084829
0.049069
0.33125
-0.24678
-0.058634
-0.32389
0.19422
-0.11241
-0.24231
0.038751
0.27351
-0.18406
-0.91439
-0.21857
0.34012
-0.43015
-0.41097
-0.45124
-0.1129
0.32378
-0.51134
-0.68338
0.4341
-0.58447
-0.53576
-0.89945
0.4921
0.52174
0.886
-0.83059
-0.82005
-0.94655
-0.75634
0.94247
0.79225
-0.50877
0.94615
1.1028
1.0394
-1.3842
-0.96644
1.8096
1.1634
-1.2291
1.2007
-1.1577
1.4063
-1.3127
-1.4281
-1.3091
2.0023
-1.6299
-1.204
-1.7785
1.5619
-1.8354
