2.3912
-2.4134
-10.388
10.446
11.471
-13.068
-7.5272
13.234
-2.4804
4.0161
-7.8405
-10.077
0.86536
1.429
-2.6002
-7.8698
1.5923
-2.9102
-7.7724
13.045
-9.5503
-2.6021
7.9344
-2.599
10.965
4.0828
11.104
6.0784
7.7877
2.2612
8.1451
-4.9206
-7.1939
9.7193
1.8314
5.7488
5.2144
5.3165
2.6964
8.1258
-9.1828
4.146
-0.54609
0.020221
-6.3687
1.0903
8.8617
3.8772
2.9327
4.3852
8.2306
6.1624
-9.1119
5.7294
-0.44723
3.4275
-1.8776
-1.1359
-6.5913
-3.0245
-5.4745
2.1088
-2.6047
-1.4305
-2.8066
-8.0611
0.34651
-5.4035
-1.772
0.41434
5.5056
-4.9023
6.3019
4.8069
5.9257
2.613
5.0433
-1.507
2.8115
4.1872
1.0281
-1.8834
1.8634
-5.1385
1.5979
2.3744
2.0864
0.76604
-4.9736
-4.9555
-8.4223
0.31301
3.316
8.8878
6.0303
2.8006
-5.8543
-4.9809
-3.8677
5.5891
5.3921
-4.6024
0.27289
-4.2708
-2.6205
9.6886
3.81
3.3351
-0.5672
-7.0479
-3.5352
3.6835
1.1707
-6.287
1.8803
-10.384
-0.271
3.6317
2.2396
-9.116
-4.0739
0.30206
3.5919
3.2827
0.79894
